0
1
6500
3
1478
6962
6
7
8
6827
491
1942
5436
4604
14
292
7421
17
18
19
20
4771
1869
5667
7035
8703
1322
7673
28
7711
30
5547
32
2757
2859
35
7529
2316
38
39
288
9040
42
2648
44
5890
4370
47
1101
3548
2623
9954
1840
7376
54
6944
4626
5537
6118
2929
60
1115
9658
9930
2306
65
5021
67
68
6270
6777
5097
3986
9161
2355
75
5574
77
7350
6941
3966
1107
82
1337
2287
383
86
87
9758
89
6422
7506
6413
93
2591
1655
6359
537
98
7595
3602
101
836
103
4596
7348
9668
8281
53
6418
110
3788
467
113
4648
7807
4310
117
9514
119
120
121
600
123
1556
303
126
5844
128
2702
485
4343
1587
9503
134
3458
580
137
138
139
140
141
7157
3622
2292
145
146
9657
148
149
2888
1511
152
4272
328
155
4886
157
158
142
1416
161
322
21
164
165
7892
167
168
169
170
171
6869
173
3401
5255
5002
4182
7088
8617
9832
181
182
5721
184
185
2368
1425
3434
7441
190
8060
3753
193
6279
6687
2549
9866
193
199
416
201
4488
2455
8114
1316
5786
207
208
1185
912
211
212
213
214
8321
3646
481
3196
219
2161
450
466
223
224
6439
24
9510
228
3186
4474
231
232
233
9905
7391
236
6477
9314
9334
240
159
8070
243
7518
245
2270
247
7192
249
8480
251
4802
527
1543
1023
256
257
1003
7505
260
3031
262
7222
264
265
9187
267
974
269
235
271
5760
273
274
2550
276
277
1624
279
6576
2658
7371
283
2593
5484
8464
287
2800
1060
9010
291
315
227
2758
5109
7086
3487
4474
5627
1928
8520
302
123
304
305
195
307
8260
8116
310
9011
6411
313
1520
4924
316
4940
8662
319
7713
7578
3007
323
6058
2303
9357
327
5108
329
9801
331
2428
7384
6540
8704
2356
9350
4485
3216
9357
3357
3271
9361
344
345
112
8696
348
349
4129
4565
8932
9855
354
3584
6654
1457
358
359
360
2483
362
67
4675
365
2142
6511
175
7825
370
371
1934
1783
7398
2701
2734
377
378
1993
5705
381
5881
4413
9855
3142
386
387
424
389
8443
2673
392
875
394
395
1017
8112
398
399
400
6488
402
9497
5990
9353
8651
2044
408
409
410
411
5264
8503
3775
9292
7549
5561
6467
6129
7813
421
6077
8683
424
5824
3392
2670
8027
75
5498
6287
2604
433
434
5706
436
2171
8240
439
7619
7591
442
9232
5205
1539
1422
447
3584
2971
450
451
452
453
454
455
1769
8519
458
459
460
8540
5508
7870
8323
4472
466
8570
9901
4423
470
471
472
473
28
5347
2943
2409
5049
1588
480
481
482
483
9954
485
690
487
1430
748
4536
491
492
5185
9853
1224
9923
497
4766
4955
500
501
1025
1001
9496
505
506
3342
508
6142
510
5072
512
513
4429
6705
9812
93
518
4736
520
5994
6652
523
482
525
1131
527
4625
2637
9690
5662
893
1416
4008
535
5454
6634
538
148
2317
7109
9200
543
6858
545
546
547
1903
9643
550
3561
4948
3653
554
5402
556
9369
558
9008
560
3
9781
563
564
5313
566
2722
9037
569
6234
9961
572
1515
4937
58
3971
577
6215
7815
3039
581
582
583
6085
4484
8380
5951
8115
589
5898
788
8132
8689
8
595
1723
28
598
7200
1885
601
1333
6153
2168
605
5629
2598
4693
80
2249
1528
7864
8405
6816
7726
9087
9964
618
6021
4721
9309
7902
623
3941
1762
7531
2268
5602
629
3481
1136
632
6809
3556
635
636
637
1054
4708
640
3712
114
643
644
645
6995
647
7479
6423
866
2498
1196
6633
654
1146
656
657
647
6602
4098
661
4600
799
448
540
4575
667
2336
1418
5828
6816
672
6925
229
940
5147
1655
678
2361
680
3146
682
1188
8638
5075
686
475
528
2570
690
691
8962
524
7469
1923
4333
697
698
6336
1278
7636
8164
9949
2505
705
706
707
8664
5608
9281
711
712
8652
9876
8396
6249
9174
943
1941
8419
3805
6216
1615
724
9166
6074
300
9573
3161
730
7358
6268
8510
774
910
736
5391
5764
1364
8255
741
6972
6122
744
9789
195
7950
748
2481
1672
3428
752
5967
4415
7223
756
5204
758
759
5945
8166
1367
1787
764
974
5021
6222
2376
769
770
7982
4776
1111
3856
775
4324
9677
1643
5677
1068
2196
6828
783
784
697
786
1027
788
9508
238
6443
2501
5128
794
8149
796
797
798
7465
800
9793
5472
803
4901
805
806
807
702
1381
8823
811
2179
813
2327
1310
1058
9487
818
819
820
821
9860
1286
8610
825
8434
718
828
829
938
9257
8614
8458
6063
835
836
9489
6365
839
840
7833
842
6048
9492
3840
1735
1599
848
1982
850
1369
852
853
854
1647
856
7208
3497
859
2015
189
862
648
9851
8633
866
867
9990
869
870
871
2931
3340
874
875
8483
7492
8252
1560
1840
2785
1540
8791
3210
1578
971
73
1620
889
890
9790
3578
893
6489
3449
9072
7008
208
8503
2607
2074
2611
903
1056
905
906
3716
5452
909
6813
396
615
913
136
9198
916
917
7240
7006
241
5249
1758
9621
7296
5678
926
5058
2750
3729
2995
931
7753
1784
3093
6172
936
7514
5055
5973
6748
941
2144
1577
4629
5874
946
2912
693
9815
6857
6052
952
9487
954
6955
956
180
958
959
960
961
2578
6878
4611
2445
966
967
4750
969
3865
971
972
7432
6367
4882
7641
2187
6479
6538
9447
9646
5759
422
8486
985
9614
9253
988
2503
2431
2455
2106
5821
6281
995
996
997
8318
1376
9859
1001
1002
6922
1643
8153
1006
8680
5678
4801
4199
1011
1012
573
3245
1015
1016
1017
1018
1019
2699
1021
7465
1023
9981
3476
8247
6671
2372
1029
1030
1031
1032
1033
1293
6578
2206
8166
6697
3694
4788
7984
1042
1617
6626
9168
1046
1047
8118
5199
4486
1051
710
5813
6085
3580
1056
8387
3186
1059
7827
6431
271
1063
9885
1311
2677
7768
9413
1069
1070
1071
1072
7355
1074
3181
6584
761
8217
7482
1080
1081
2104
9095
221
1781
8106
1087
2593
1089
4868
3713
3251
2079
7040
2933
663
6653
2095
1099
7720
5680
8455
4071
3559
5602
7905
7375
2885
1109
1110
797
1112
1113
5340
9058
1116
8546
1118
1119
1120
3335
1122
707
1124
1125
3588
7168
9396
1009
8136
8762
1132
21
4512
1135
1136
1137
1138
7650
3335
3169
5303
1143
4199
1145
1146
8681
8753
2029
7042
83
1152
2718
1063
1155
8864
1157
1158
1159
1160
1487
1162
1323
7679
1165
1166
1167
7945
8470
1170
3955
4779
1173
1174
1175
7196
1177
2935
5993
4962
1181
9105
1183
2669
1185
1457
1187
1188
4218
4844
8563
9264
4723
1194
1195
1196
1197
3692
363
2363
1201
7421
8610
6741
1812
3015
3393
1208
9882
2654
2707
1212
144
1339
4604
2225
1217
1981
1219
8223
1221
8846
9445
8616
1225
1226
1227
8135
2209
3224
6737
1920
293
6734
1056
8184
8382
6741
4684
1240
8283
836
1243
2737
2119
737
556
6060
8793
2136
1251
5907
8074
6790
41
8329
2974
1258
2189
1490
1261
3053
1263
5903
1265
1266
1267
6139
1269
1083
1271
7621
1273
5722
4828
1276
8978
1278
6943
4243
1281
1282
502
687
5891
8413
2816
3162
9126
9877
6260
6705
1293
1294
2195
6360
1297
7811
9467
6867
542
1547
9617
5023
1203
1051
8636
1308
1309
1310
1531
6819
556
1495
591
3388
7450
6272
9383
1320
1321
3569
7954
3585
5333
1326
1327
1328
7233
4271
8990
1332
1333
1334
2352
479
2683
2
4422
1340
8008
6742
3699
178
1357
1847
1347
4380
1349
5710
5385
7504
2703
1069
3529
2074
3730
844
1359
4065
1361
8773
1363
6747
1365
4398
7103
5679
3043
1370
1371
5834
7022
1911
5651
1376
7616
1378
1379
4615
6798
1635
2883
8902
1385
9770
1387
5841
1389
3917
1892
1267
65
6932
1395
2003
3028
4589
8630
1400
6407
5428
1403
6610
1405
5236
643
7633
3893
274
8782
7461
9662
1414
1151
8890
6640
1418
4883
2659
1421
2651
1423
1424
7209
7283
8058
175
1429
3271
7999
4979
1433
1434
1435
2118
7540
4459
4398
7098
1441
1442
1443
8493
9161
538
1447
1476
4917
6760
3758
2255
726
3034
393
1456
8792
1458
137
3690
1461
1462
1463
1464
989
1466
1647
931
875
1470
5436
1472
1473
1731
2861
9385
816
1478
9866
1480
1481
1482
792
1484
2469
811
1487
5427
1604
6474
506
7589
7809
1447
3818
7975
1497
2503
6412
2570
5395
9986
1503
8187
1085
1506
1507
1508
1381
5502
862
3565
1513
885
6646
6478
1517
1265
5045
5821
2520
4773
7251
3336
1525
2737
5974
356
2080
2145
1531
8718
4712
1534
9905
1717
9539
946
1539
4115
1541
829
1543
7199
4272
1862
1547
2480
6897
1550
9203
6125
1401
8382
736
7939
8721
663
1575
5981
7961
1562
8448
684
5137
3993
1567
259
1569
1570
7668
119
3041
1574
1623
8072
841
1578
1579
1580
1581
700
5093
1829
5227
1586
324
8133
5038
1590
2629
1592
1593
6923
9400
1596
3105
5765
5407
3784
1601
9834
621
7734
1605
7998
2018
424
1376
1610
1611
2927
6068
9102
1615
819
1617
4984
2556
1620
1478
3787
8074
827
1988
6798
9002
104
1629
8509
7708
6533
4804
142
1635
2161
4343
1638
1639
1640
4591
415
1643
5012
1959
8738
1647
5507
7584
3101
1651
5441
1653
412
1655
7093
5402
3543
1659
1660
5275
532
5469
2729
7892
7953
2570
9472
2494
8440
4262
8607
1673
5471
1675
1676
1514
1229
6766
9756
7470
1682
1683
1684
1685
7553
7091
1688
1687
42
2045
1692
1693
3154
1833
6919
1697
1267
1098
1700
3053
6469
9722
9007
6260
1706
1707
8717
1376
6626
1711
1712
4171
1714
9154
1716
1717
3775
2212
7551
6379
1722
3789
1385
1434
9561
4504
3888
2157
1730
1731
1732
4346
1981
6611
1736
1737
7123
1739
1740
7330
7369
1743
4179
2317
1595
5936
7028
7909
1750
1751
6569
1883
1754
8402
7157
5567
1866
3171
1245
6238
1762
6115
1764
1765
1766
53
580
2530
4320
1771
998
1773
4489
1775
1776
6610
6919
5927
1780
1479
6300
6853
830
1785
1786
1787
4272
2294
6333
1791
1792
428
1794
1795
2688
2033
2270
2261
2208
2162
6878
1897
6538
783
1806
7266
3509
1809
6134
8135
2593
1813
6466
8140
2937
1817
6097
1819
1817
1821
237
1823
5296
1825
5628
8786
8840
8569
7393
4962
2527
1833
8705
7011
6693
1837
8995
1839
1840
9909
1768
1843
1844
4235
1846
1847
1862
7577
2340
1851
8400
1476
935
1855
1856
3537
1858
2927
211
1861
6880
3293
785
1865
1000
4671
7452
4631
1870
8040
8834
1539
2796
7262
1876
1877
1878
1879
4248
170
1882
1883
1884
4099
9044
75
1888
5026
1890
1891
9623
441
1894
7918
1896
2628
1898
1899
8613
8569
7679
7837
3115
1723
9448
1907
1908
4395
4508
7411
7665
3202
4828
7705
8023
1715
1805
1919
2145
833
6900
3994
3885
8281
1926
1927
872
3901
635
2471
7137
9768
3995
1935
8942
1937
1034
4593
1940
3234
1926
1943
4443
1945
1946
6484
9093
3224
1950
8867
1952
1146
6589
1955
2850
9578
2677
8042
5811
1961
1962
1016
1964
1006
1641
1967
1968
1969
1970
2312
8457
8339
1974
7846
1522
1977
1978
6358
8870
3873
3413
1896
4450
4641
3525
6824
8695
1989
7993
2187
1992
1993
8125
4860
1996
1997
1998
1999
5117
403
7893
9011
4028
748
2892
2007
3623
2009
1547
826
2012
238
6886
5299
1728
3751
9991
5717
7093
1421
6867
2444
2024
3328
7104
9768
6296
720
7918
1219
8174
459
7014
2503
3851
6814
2038
1219
2040
1683
6584
3586
6248
2045
424
2047
2048
2049
382
7669
2052
1014
484
1495
1293
2057
1990
4890
9074
3774
2062
4069
6865
5238
3252
6508
3088
2069
1920
2071
2072
2073
5258
2075
2076
2077
4122
2079
8706
1156
2351
2083
2084
2085
1836
3406
5813
2089
2090
4743
1245
4949
4514
9227
2096
2097
3917
2099
102
9468
8979
2489
3490
8410
2106
2107
2108
3112
2529
5836
5553
2113
2114
2652
2116
9751
435
5072
6716
2121
2122
1838
2124
1544
2826
2127
4588
2586
2130
2131
1979
2549
2134
5128
426
677
4047
3231
2140
2141
6769
7956
2144
3465
2146
2147
8335
5677
2150
2151
2152
8675
7377
2155
2156
2157
5253
7754
2488
2008
2162
7799
9707
304
2166
2499
9613
2169
2983
6129
5033
1864
1857
1710
2176
2641
2437
2179
2701
8583
9692
2183
5012
5820
1663
5897
2188
2189
7553
8878
5624
8075
712
2195
7792
8822
2198
462
2200
2201
1122
9397
2204
1337
4006
2207
7505
357
2210
1898
1447
592
2214
2215
2216
5338
2218
9795
37
6767
9793
2223
2224
3924
9465
2227
4209
6499
1036
3647
5013
5712
2234
7841
9090
7915
3523
2239
2736
2241
5893
2243
2244
2245
9285
4590
8325
5668
9729
2251
225
2253
716
2255
8747
7936
700
2259
1411
2261
1504
2263
6141
845
9088
5107
5857
4199
2270
5191
2272
858
8917
3967
8234
1462
8239
9095
8314
4586
2282
5822
2301
2285
3164
2570
2288
144
8180
2291
1856
2647
2294
2295
2296
979
2298
2299
2284
9977
8613
3371
6339
2621
6034
1358
2308
2309
8504
4202
2312
2313
2314
2516
5579
2317
2318
1313
2320
2321
8488
5589
2324
851
3283
2327
2328
3184
3501
8733
7714
6595
4541
5377
2336
9891
3310
5055
2340
2341
6439
6648
2344
9368
8872
9974
5137
2349
5745
1015
9252
8956
6966
2355
2356
2357
5296
2359
1205
2361
1641
6191
6259
217
1943
2367
1505
2369
2370
9275
7632
2373
2145
3152
2376
9153
9649
2379
4346
2381
2382
2383
9793
5532
2386
2387
7776
4550
2390
3852
8315
9361
9984
2395
2396
2397
2398
1936
790
2401
9066
6388
2404
5610
9982
5193
2408
2409
4895
5638
7420
6883
4696
2415
2632
2417
183
2419
6753
2421
600
2423
9861
8318
7813
9554
617
5429
2430
9531
2432
9522
7587
2435
4464
8510
1065
3165
3540
8042
3194
2443
2715
1206
1302
8833
9067
6645
6354
4919
2452
6321
2454
2197
8652
2457
4122
7997
1899
1320
2462
4912
3953
741
2466
2467
2468
169
2470
1108
2472
5706
2474
8026
7607
2477
128
3145
1714
4168
307
3504
1697
5955
2343
2097
736
5633
930
9904
2492
2493
1754
2495
6701
8086
7480
260
8938
4990
8981
5242
6070
2505
7219
2507
2508
2509
2510
1302
6928
4898
945
2515
2516
5794
2844
2519
3240
2521
1723
6653
8130
1466
2512
3318
142
1506
2530
5023
6312
3475
6850
5488
6101
2537
7892
2539
245
4462
2542
6859
4016
2832
7683
2547
3976
8298
1283
9997
5769
2553
2554
5020
7442
2389
3480
777
8381
522
979
2563
2564
2565
883
2567
648
4752
2570
2571
6636
2573
2574
6792
2576
4198
2578
1011
2580
2581
3202
6702
1539
2257
1920
9359
7298
3960
9591
2033
2136
7775
2594
1256
703
967
2598
3495
2600
4186
9198
2603
1085
8908
1360
1154
9752
2609
2525
9249
3079
8838
8421
5991
1839
2617
2618
2619
3681
3147
2622
6508
2624
1066
2626
2627
2628
6259
3572
966
2632
2633
2199
3850
2936
9406
313
2639
3327
3461
9934
5587
1463
6126
1495
2647
7370
3305
2650
2651
4852
2653
6126
2655
1465
5444
7271
8099
8596
7552
4753
7590
2664
886
5865
2019
2313
2669
2670
468
456
2673
6074
843
2676
2677
511
5722
57
8174
2183
7295
6983
9503
4300
2687
7408
2702
9818
5561
5028
5713
2694
7182
1320
2697
2698
9094
1364
9714
4390
6255
2704
5792
2706
2707
4718
9948
9079
3766
2712
2126
2714
7518
35
5456
9156
2719
751
2721
2722
2589
7976
4090
2726
2727
301
4844
6539
2731
6637
2733
2734
5169
4899
2737
2738
2739
3669
1676
2742
2743
7137
2745
2746
7288
8074
2749
1056
62
4524
7442
4872
2755
2756
2757
2758
2759
5416
2761
2762
2755
2764
2765
2766
6824
8422
5733
9917
1873
1175
2773
2501
2775
2776
2777
6720
2779
2780
9072
2782
2783
2784
2785
876
2787
3803
7912
7253
7299
2902
2793
654
9734
2274
6463
2972
6453
2800
5518
7437
3179
3144
961
6576
2807
2808
2972
4196
5535
1229
2813
4956
9749
2816
9724
4526
2819
3445
1691
2822
664
2824
353
2826
623
2828
7611
2830
1149
2832
146
2834
2835
1741
9381
2838
2839
692
2841
2842
2843
2844
2405
2846
9959
2139
7580
2850
7440
2148
2853
6125
4698
2856
4815
6226
7479
2482
2861
2862
1105
2864
5638
1064
8399
7508
3438
2870
8245
4169
7362
1049
6467
2143
5603
2186
2879
7004
1768
1347
2883
5230
2885
2000
2887
786
1597
6224
6260
2892
3267
734
2895
9562
8211
6890
2064
8960
4767
787
4565
2904
273
7579
9388
1886
809
2910
8319
1626
1411
5893
2357
336
5950
2405
2334
9094
2921
119
9313
6117
9160
153
6562
4854
2929
3016
9193
1852
2933
8061
2935
8366
2937
2718
2939
3554
7432
2942
6735
2792
6182
5316
2947
4583
1135
2950
5271
7780
2953
8295
2403
2956
3035
8428
5960
2960
2364
7626
2737
2964
2965
7096
4493
2968
9935
2970
381
5739
5923
2974
1849
2976
2977
8287
2769
1588
2083
1158
6938
2984
8366
2986
2987
2988
9298
5470
4196
9988
2993
2190
2469
4341
8545
7158
5794
3341
8900
3002
9736
3004
580
5013
5253
285
3009
3010
3281
6549
9077
6835
8137
3016
7617
571
5529
1044
3021
0
916
4999
9240
3026
5941
5749
9299
4099
3031
4726
6424
3034
735
8895
3037
3038
3039
8392
1324
7740
4468
3044
30
765
2980
2358
6008
6667
5928
1099
3053
2990
3055
3056
8275
3058
3059
106
8644
6436
3063
4988
5865
3066
7446
1052
3069
1110
3071
6250
3145
1148
5774
3076
5536
16
3934
3080
2655
3082
582
3084
4024
3086
9337
1300
3089
537
8525
3092
9788
3094
1706
6071
1884
3098
3099
5158
845
3102
3103
4820
9766
2957
6271
9389
8029
3110
3111
394
9648
5517
2530
3148
3117
2282
6439
1493
269
1033
3592
9026
9080
4961
5907
3245
3129
7782
7006
3132
4615
3143
4771
4935
3137
3138
3467
6952
1828
3142
1424
3144
3145
3146
5041
8383
3149
388
8213
8658
3153
3154
5058
8090
3157
1395
3159
1558
4287
4026
6209
935
3165
5674
3167
3071
5009
2794
3171
6890
3173
6754
3175
3176
7855
3178
3179
3180
3181
487
5347
3184
3185
1788
2280
3188
1813
3190
9846
3192
2344
3194
3195
2353
3888
1825
3199
7639
3362
7624
3203
3204
3205
377
6048
8494
3209
9726
9915
8352
6421
1128
4329
4082
4986
3218
2140
3632
5822
3222
1896
3224
3225
5872
4770
7165
8120
2128
3231
3596
8514
3210
9552
471
1830
7261
7151
3240
3241
6758
2295
3244
3245
284
5812
6341
3249
7525
3251
6982
3253
3254
3255
9679
1274
3258
335
4105
4992
3262
7016
3264
759
3266
67
7225
9140
1655
4449
8760
4836
270
3275
5519
6701
8324
2725
3280
3969
3282
3283
4124
7770
3997
9511
265
3289
4955
3291
3292
3293
3294
6139
3296
2048
3298
3299
5565
2133
3302
2514
7362
3305
3454
1721
688
3309
856
6429
3629
3313
7004
9384
3316
5136
7582
6366
3320
6958
8983
3323
3324
1096
8901
4520
3328
3329
3330
4953
5033
5665
3334
5167
5690
9926
1479
3339
9449
3341
2910
1027
527
6393
7863
2565
9251
2081
8103
5238
3352
7457
3354
6922
867
3357
5343
3359
4019
3361
8411
3363
7405
3365
5760
1271
3368
5084
6500
3371
323
3373
5939
3375
4932
3377
3495
4648
171
3381
3382
3637
3384
3385
3386
884
3388
641
3390
3391
3392
8551
2732
3395
3396
1228
4526
5745
4205
3401
3402
3403
3404
3405
2692
7795
2567
3409
4255
6748
2815
1073
4749
3415
4331
3417
8768
3419
3420
3421
2695
3929
3424
7859
5089
3427
7054
4208
4171
8503
3432
3433
6107
2599
3436
9045
7492
3439
4667
8367
3442
167
6114
5793
9854
6831
3326
1299
3450
5836
4387
3453
3454
482
7027
3457
8496
5183
1554
8102
3462
8224
2195
7632
3466
5369
9989
1599
3470
3471
4652
3473
132
5293
2649
9204
3478
5319
528
3481
9668
3774
3484
8884
915
1681
3759
4546
6427
9421
3492
3493
1350
3495
1846
9594
3498
3499
3500
3501
3502
7953
3586
8735
3506
3335
3508
3509
9370
6525
3512
9512
2815
3515
3201
3517
3080
3990
4214
5857
8849
3285
2702
3525
3526
3848
8638
8237
3530
2200
7519
3533
8991
9984
7085
4399
4386
3539
2193
3541
8608
3543
2425
7769
3546
1502
9537
1077
6851
3551
9053
5741
9662
4081
3556
6872
3558
3559
7121
3561
8243
3563
3564
3565
3566
1499
554
3569
8066
3571
3572
3818
3574
3910
3132
522
7277
3579
3580
7777
5175
3583
3584
9821
3640
9081
7547
2907
3110
3591
3592
403
540
2574
369
3597
4999
3930
6658
8884
31
3603
5791
8010
3606
568
579
3609
3610
4141
3612
3613
7272
3615
3616
2517
7743
1265
3620
369
3622
3623
2212
3625
3409
8197
5128
3629
3630
8440
9494
1620
6146
1486
3636
9466
3445
7349
3640
1504
3642
3643
7285
350
3646
4943
3232
3239
2589
6209
8795
1912
935
1479
1230
9601
3658
9718
4377
1472
3885
8720
4702
606
5924
3667
3668
1699
3670
3367
1221
3673
3674
3675
5547
7684
2829
2705
3680
3681
3682
5342
4196
9969
8715
4736
5174
1154
882
3691
3692
3693
3694
3604
4161
3697
2125
5062
7560
3701
8079
9662
1574
3705
3706
9343
3708
4568
3710
3711
5286
6089
4604
5594
598
3533
1184
2964
1014
3721
3722
7148
3724
5941
6866
3727
3355
8251
3730
1825
1173
3733
6430
3735
3736
3737
448
7054
2490
9056
589
7536
3744
539
3746
4167
1560
3749
382
1989
3403
1462
3754
6843
3756
4611
3758
3759
2270
8849
576
2486
8603
3765
2508
3767
3768
3005
4193
3771
1227
3773
416
3775
6544
12
3778
9740
3780
3781
4828
437
8577
3785
7263
4540
282
366
3227
2071
6305
5434
9555
3795
7730
8803
6194
8664
7048
3801
2487
3713
2452
3805
6766
3807
3808
3809
2837
9459
3812
2105
5937
3914
9290
3817
3818
93
5846
5456
9714
41
8074
344
3749
3827
4334
2426
3244
3831
7269
1139
9481
3835
6713
6030
7109
3839
1684
2759
3842
391
3844
3845
7950
7435
6667
165
973
3851
3852
3853
118
3388
7711
1874
3858
3859
3860
5121
3862
4336
3864
1576
3866
4241
5712
3869
3263
8514
5783
4988
3705
5940
8391
4985
3878
3124
9354
3881
562
7554
2302
3885
6794
3887
528
3889
3890
199
8442
3893
3894
3895
3896
1730
9551
444
485
3901
3902
2858
3904
4640
3906
8627
6422
7473
3910
8756
3912
3913
3931
3915
8202
1580
5388
5885
7610
4274
99
3055
1065
3925
3926
4726
523
3929
4088
3931
9175
678
893
7406
489
4521
9964
3939
3940
3941
488
3943
3944
3821
3946
9754
5316
6586
9524
3951
3952
2659
3954
8341
6500
6222
1552
1516
3960
3961
3962
8901
2749
102
3966
3967
6710
6489
184
106
3987
2490
518
2353
2662
8213
9115
3979
333
504
1453
3983
6972
3985
3986
3257
6129
3989
9923
5343
3992
7500
3613
311
6332
1814
216
6834
2252
4001
3209
9180
9535
4005
5111
1011
1321
4009
1443
2593
4442
5833
6502
7559
1007
1543
2751
7395
7541
4021
2715
2178
4024
4025
383
3737
5030
2315
2021
7752
5446
4033
4034
4035
1244
4037
8529
4039
2316
4041
9133
746
5283
439
8835
570
4048
5560
597
4051
4052
8621
2815
2334
3137
4164
3511
6846
2737
4061
4062
4063
3290
4065
4420
4360
5273
2133
9301
5387
3500
2709
5061
4075
4076
4077
2537
1610
2978
7161
2718
4083
6933
4709
7468
2864
4088
9050
4090
4091
2155
4093
8885
768
2606
4535
8364
4099
9140
1724
3200
6031
3217
4105
4815
8352
6070
8919
4110
7030
2716
1699
1685
4115
6502
4117
5573
4119
7811
2224
9983
3845
6826
4125
4126
4127
1986
5190
1906
1622
4132
4133
1991
4135
4136
3279
4867
6103
20
1534
1833
4143
8393
3348
2692
4147
4148
6431
4150
4151
1753
4153
4154
4155
4156
9071
561
4159
4160
1523
4956
5061
7523
5828
7953
3682
4168
5289
5199
2461
9131
8700
1080
4175
929
4141
834
2270
0
1364
6099
7665
4184
8827
4186
319
4188
4189
4417
8125
4192
8463
4194
4969
8599
155
4198
4199
4200
6911
4202
1293
6587
85
7234
4015
3384
648
5555
4211
837
5896
8324
5653
8841
5729
565
4219
4220
4221
8296
778
5241
6006
2670
9205
5078
1984
4230
7898
4232
3815
4234
4235
4236
2211
4238
4239
3930
2082
8831
4243
1812
5802
4246
6126
4248
3215
4250
4251
8418
2424
1183
9328
7483
2537
1349
883
4260
9313
4262
4263
234
4265
4266
4267
5668
4485
1022
4271
4272
9827
3061
7135
1479
4277
6885
3209
9981
4281
101
4283
1219
1427
5560
4287
4288
4289
1688
6875
304
7843
7857
1875
4296
3946
9467
509
4300
4301
3207
2138
1699
2014
4306
4232
4308
1720
8264
703
2050
4301
4314
6141
9696
9683
640
9570
3535
4321
4322
5414
2917
4325
2432
4090
4328
6635
6645
1818
4333
4333
4970
4335
1008
8835
5675
50
4340
318
8724
1365
3171
5844
4346
2410
6552
6977
4350
9941
4352
4353
4354
4355
7321
6727
8283
6932
4360
2882
8592
8930
4364
7728
9724
5233
4368
6122
4370
7065
8264
4373
4486
4638
1565
4362
4378
4379
1851
4381
3076
1521
4384
531
8339
4387
474
3742
2900
4234
680
6923
4394
4395
4396
4397
7544
4399
800
518
4402
7580
1448
6119
4406
1888
4408
1433
4410
4545
4412
8250
9247
50
8396
4417
4418
8051
3139
4421
6676
556
7116
4425
4426
433
672
4429
1471
1261
4432
3586
4434
9053
4436
4437
4597
1881
3310
4441
4442
4443
1653
6266
2113
4447
4448
3488
3377
4451
4452
805
7646
4455
1089
4457
4458
6460
573
6605
7438
7518
4464
4465
7015
9323
4468
4469
5369
1670
4472
7825
1494
4195
4476
5300
794
3303
3959
9206
8969
9455
2651
2677
2539
4487
2224
6849
4490
7723
4492
6808
8981
3298
4496
497
4498
4499
4500
3531
9695
5450
1951
1598
4506
245
1433
4399
2297
4511
6231
4513
4514
4387
1262
4517
3659
767
3968
2094
1796
7923
5417
7368
5781
574
1884
468
6204
4531
4960
3922
6700
630
4536
4537
4538
4539
8527
4405
2425
4543
6204
4009
5005
6666
4548
4549
7541
4551
4552
2733
724
5292
4556
5596
4558
4287
1920
4561
4837
6583
4564
4565
4566
4567
8621
2278
4570
4711
4572
1930
4574
7448
4576
2670
4578
1818
4580
6509
1741
1408
9748
5778
4586
4587
7401
4172
731
4591
3525
4593
1727
9688
9197
7895
4598
2018
4600
1719
4602
3068
5610
2125
4606
7583
9159
4609
6167
8166
6226
4613
4614
5760
4616
3780
4618
8061
4620
4621
4622
4623
4624
3419
4626
189
5956
3725
8532
4631
8716
287
4634
5530
9490
9569
3253
7656
583
8593
3362
4643
1735
1671
2599
4647
4014
3212
2622
4651
320
4653
4654
8386
4656
4657
4658
4988
5089
4661
2296
4346
4664
7745
797
9647
7237
9907
4549
9039
4672
6020
2476
525
6099
7774
8677
4679
4680
6896
5132
1788
4
4685
4686
8519
4688
7901
4255
4691
4692
362
4694
9728
1713
8223
6731
231
5632
1382
4702
4703
4704
9601
1033
4707
419
883
4710
7512
6825
5812
5845
202
9758
6677
1111
1650
4720
4721
4722
4723
3716
6118
3777
4727
2152
4729
6176
6874
4732
509
4734
1248
7148
8536
4738
1229
1781
2706
2350
4458
1905
4745
4746
4747
5316
1967
2167
6163
9774
999
4754
3217
449
5674
4185
58
4760
6582
5037
8962
28
3612
4766
2100
4768
4191
2122
4771
4772
5728
4774
7438
1473
1493
4778
4779
4780
5525
4782
9221
168
620
4786
9232
4788
3566
7262
9831
4694
7011
642
3834
9730
1041
411
4737
4015
8117
1999
643
4804
4805
1887
3912
3837
7091
3718
8277
5852
8230
4814
2015
4728
4817
5987
4819
9488
6714
475
7831
4824
4169
9362
4560
905
2720
4830
4831
1339
7124
1005
4835
2625
5104
4838
1430
4840
3058
4842
4843
1430
747
4296
4847
4848
5406
2515
4851
7785
6913
1476
4177
2922
3529
4858
4859
4860
3248
7530
4863
4864
7016
6905
1807
4868
5547
2255
4871
594
4873
4874
47
607
4877
4878
7746
4880
4592
4882
4052
3791
6924
6708
9958
2263
7831
2679
4891
6637
1750
8540
8827
9046
5838
4898
9792
4900
293
6206
4903
351
194
4906
2675
421
4909
6966
4911
609
3668
4914
4915
7928
4332
4918
5266
6913
1286
3166
9122
3883
4966
8946
4927
5346
820
5069
3927
8884
7767
4934
921
4890
1444
9507
2523
647
5225
4942
2969
4944
4945
4946
4947
6287
6979
4478
4951
4952
4906
4954
9606
4956
4957
8938
795
8799
4961
8742
1367
4964
855
1052
4967
2262
650
65
9127
4427
1276
6675
4975
4976
5815
4978
4979
2581
2533
4784
4983
476
4985
4986
4987
3935
1786
3320
944
4992
2304
4994
6706
4996
4997
2133
4999
5000
9665
5002
5003
5004
5005
5006
5007
5008
5009
5010
5011
5012
5013
5014
5015
5016
5017
5018
5019
5020
5021
5022
5023
5024
5025
5026
5027
5028
5029
5030
5031
5032
5033
5034
5035
5036
5037
5038
5039
5040
5041
5042
5043
5044
5045
5046
5047
5048
5049
5050
5051
5052
5053
5054
5055
5056
5057
5058
5059
5060
5061
5062
5063
5064
5065
5066
5067
5068
5069
5070
5071
5072
5073
5074
5075
5076
5077
5078
5079
5080
5081
5082
5083
5084
5085
5086
5087
5088
5089
5090
5091
5092
5093
5094
5095
5096
5097
5098
5099
5100
5101
5102
5103
5104
5105
5106
5107
5108
5109
5110
5111
5112
5113
5114
5115
5116
5117
5118
5119
5120
5121
5122
5123
5124
5125
5126
5127
5128
5129
5130
5131
5132
5133
5134
5135
5136
5137
5138
5139
5140
5141
5142
5143
5144
5145
5146
5147
5148
5149
5150
5151
5152
5153
5154
5155
5156
5157
5158
5159
5160
5161
5162
5163
5164
5165
5166
5167
5168
5169
5170
5171
5172
5173
5174
5175
5176
5177
5178
5179
5180
5181
5182
5183
5184
5185
5186
5187
5188
5189
5190
5191
5192
5193
5194
5195
5196
5197
5198
5199
5200
5201
5202
5203
5204
5205
5206
5207
5208
5209
5210
5211
5212
5213
5214
5215
5216
5217
5218
5219
5220
5221
5222
5223
5224
5225
5226
5227
5228
5229
5230
5231
5232
5233
5234
5235
5236
5237
5238
5239
5240
5241
5242
5243
5244
5245
5246
5247
5248
5249
5250
5251
5252
5253
5254
5255
5256
5257
5258
5259
5260
5261
5262
5263
5264
5265
5266
5267
5268
5269
5270
5271
5272
5273
5274
5275
5276
5277
5278
5279
5280
5281
5282
5283
5284
5285
5286
5287
5288
5289
5290
5291
5292
5293
5294
5295
5296
5297
5298
5299
5300
5301
5302
5303
5304
5305
5306
5307
5308
5309
5310
5311
5312
5313
5314
5315
5316
5317
5318
5319
5320
5321
5322
5323
5324
5325
5326
5327
5328
5329
5330
5331
5332
5333
5334
5335
5336
5337
5338
5339
5340
5341
5342
5343
5344
5345
5346
5347
5348
5349
5350
5351
5352
5353
5354
5355
5356
5357
5358
5359
5360
5361
5362
5363
5364
5365
5366
5367
5368
5369
5370
5371
5372
5373
5374
5375
5376
5377
5378
5379
5380
5381
5382
5383
5384
5385
5386
5387
5388
5389
5390
5391
5392
5393
5394
5395
5396
5397
5398
5399
5400
5401
5402
5403
5404
5405
5406
5407
5408
5409
5410
5411
5412
5413
5414
5415
5416
5417
5418
5419
5420
5421
5422
5423
5424
5425
5426
5427
5428
5429
5430
5431
5432
5433
5434
5435
5436
5437
5438
5439
5440
5441
5442
5443
5444
5445
5446
5447
5448
5449
5450
5451
5452
5453
5454
5455
5456
5457
5458
5459
5460
5461
5462
5463
5464
5465
5466
5467
5468
5469
5470
5471
5472
5473
5474
5475
5476
5477
5478
5479
5480
5481
5482
5483
5484
5485
5486
5487
5488
5489
5490
5491
5492
5493
5494
5495
5496
5497
5498
5499
5500
5501
5502
5503
5504
5505
5506
5507
5508
5509
5510
5511
5512
5513
5514
5515
5516
5517
5518
5519
5520
5521
5522
5523
5524
5525
5526
5527
5528
5529
5530
5531
5532
5533
5534
5535
5536
5537
5538
5539
5540
5541
5542
5543
5544
5545
5546
5547
5548
5549
5550
5551
5552
5553
5554
5555
5556
5557
5558
5559
5560
5561
5562
5563
5564
5565
5566
5567
5568
5569
5570
5571
5572
5573
5574
5575
5576
5577
5578
5579
5580
5581
5582
5583
5584
5585
5586
5587
5588
5589
5590
5591
5592
5593
5594
5595
5596
5597
5598
5599
5600
5601
5602
5603
5604
5605
5606
5607
5608
5609
5610
5611
5612
5613
5614
5615
5616
5617
5618
5619
5620
5621
5622
5623
5624
5625
5626
5627
5628
5629
5630
5631
5632
5633
5634
5635
5636
5637
5638
5639
5640
5641
5642
5643
5644
5645
5646
5647
5648
5649
5650
5651
5652
5653
5654
5655
5656
5657
5658
5659
5660
5661
5662
5663
5664
5665
5666
5667
5668
5669
5670
5671
5672
5673
5674
5675
5676
5677
5678
5679
5680
5681
5682
5683
5684
5685
5686
5687
5688
5689
5690
5691
5692
5693
5694
5695
5696
5697
5698
5699
5700
5701
5702
5703
5704
5705
5706
5707
5708
5709
5710
5711
5712
5713
5714
5715
5716
5717
5718
5719
5720
5721
5722
5723
5724
5725
5726
5727
5728
5729
5730
5731
5732
5733
5734
5735
5736
5737
5738
5739
5740
5741
5742
5743
5744
5745
5746
5747
5748
5749
5750
5751
5752
5753
5754
5755
5756
5757
5758
5759
5760
5761
5762
5763
5764
5765
5766
5767
5768
5769
5770
5771
5772
5773
5774
5775
5776
5777
5778
5779
5780
5781
5782
5783
5784
5785
5786
5787
5788
5789
5790
5791
5792
5793
5794
5795
5796
5797
5798
5799
5800
5801
5802
5803
5804
5805
5806
5807
5808
5809
5810
5811
5812
5813
5814
5815
5816
5817
5818
5819
5820
5821
5822
5823
5824
5825
5826
5827
5828
5829
5830
5831
5832
5833
5834
5835
5836
5837
5838
5839
5840
5841
5842
5843
5844
5845
5846
5847
5848
5849
5850
5851
5852
5853
5854
5855
5856
5857
5858
5859
5860
5861
5862
5863
5864
5865
5866
5867
5868
5869
5870
5871
5872
5873
5874
5875
5876
5877
5878
5879
5880
5881
5882
5883
5884
5885
5886
5887
5888
5889
5890
5891
5892
5893
5894
5895
5896
5897
5898
5899
5900
5901
5902
5903
5904
5905
5906
5907
5908
5909
5910
5911
5912
5913
5914
5915
5916
5917
5918
5919
5920
5921
5922
5923
5924
5925
5926
5927
5928
5929
5930
5931
5932
5933
5934
5935
5936
5937
5938
5939
5940
5941
5942
5943
5944
5945
5946
5947
5948
5949
5950
5951
5952
5953
5954
5955
5956
5957
5958
5959
5960
5961
5962
5963
5964
5965
5966
5967
5968
5969
5970
5971
5972
5973
5974
5975
5976
5977
5978
5979
5980
5981
5982
5983
5984
5985
5986
5987
5988
5989
5990
5991
5992
5993
5994
5995
5996
5997
5998
5999
6000
6001
6002
6003
6004
6005
6006
6007
6008
6009
6010
6011
6012
6013
6014
6015
6016
6017
6018
6019
6020
6021
6022
6023
6024
6025
6026
6027
6028
6029
6030
6031
6032
6033
6034
6035
6036
6037
6038
6039
6040
6041
6042
6043
6044
6045
6046
6047
6048
6049
6050
6051
6052
6053
6054
6055
6056
6057
6058
6059
6060
6061
6062
6063
6064
6065
6066
6067
6068
6069
6070
6071
6072
6073
6074
6075
6076
6077
6078
6079
6080
6081
6082
6083
6084
6085
6086
6087
6088
6089
6090
6091
6092
6093
6094
6095
6096
6097
6098
6099
6100
6101
6102
6103
6104
6105
6106
6107
6108
6109
6110
6111
6112
6113
6114
6115
6116
6117
6118
6119
6120
6121
6122
6123
6124
6125
6126
6127
6128
6129
6130
6131
6132
6133
6134
6135
6136
6137
6138
6139
6140
6141
6142
6143
6144
6145
6146
6147
6148
6149
6150
6151
6152
6153
6154
6155
6156
6157
6158
6159
6160
6161
6162
6163
6164
6165
6166
6167
6168
6169
6170
6171
6172
6173
6174
6175
6176
6177
6178
6179
6180
6181
6182
6183
6184
6185
6186
6187
6188
6189
6190
6191
6192
6193
6194
6195
6196
6197
6198
6199
6200
6201
6202
6203
6204
6205
6206
6207
6208
6209
6210
6211
6212
6213
6214
6215
6216
6217
6218
6219
6220
6221
6222
6223
6224
6225
6226
6227
6228
6229
6230
6231
6232
6233
6234
6235
6236
6237
6238
6239
6240
6241
6242
6243
6244
6245
6246
6247
6248
6249
6250
6251
6252
6253
6254
6255
6256
6257
6258
6259
6260
6261
6262
6263
6264
6265
6266
6267
6268
6269
6270
6271
6272
6273
6274
6275
6276
6277
6278
6279
6280
6281
6282
6283
6284
6285
6286
6287
6288
6289
6290
6291
6292
6293
6294
6295
6296
6297
6298
6299
6300
6301
6302
6303
6304
6305
6306
6307
6308
6309
6310
6311
6312
6313
6314
6315
6316
6317
6318
6319
6320
6321
6322
6323
6324
6325
6326
6327
6328
6329
6330
6331
6332
6333
6334
6335
6336
6337
6338
6339
6340
6341
6342
6343
6344
6345
6346
6347
6348
6349
6350
6351
6352
6353
6354
6355
6356
6357
6358
6359
6360
6361
6362
6363
6364
6365
6366
6367
6368
6369
6370
6371
6372
6373
6374
6375
6376
6377
6378
6379
6380
6381
6382
6383
6384
6385
6386
6387
6388
6389
6390
6391
6392
6393
6394
6395
6396
6397
6398
6399
6400
6401
6402
6403
6404
6405
6406
6407
6408
6409
6410
6411
6412
6413
6414
6415
6416
6417
6418
6419
6420
6421
6422
6423
6424
6425
6426
6427
6428
6429
6430
6431
6432
6433
6434
6435
6436
6437
6438
6439
6440
6441
6442
6443
6444
6445
6446
6447
6448
6449
6450
6451
6452
6453
6454
6455
6456
6457
6458
6459
6460
6461
6462
6463
6464
6465
6466
6467
6468
6469
6470
6471
6472
6473
6474
6475
6476
6477
6478
6479
6480
6481
6482
6483
6484
6485
6486
6487
6488
6489
6490
6491
6492
6493
6494
6495
6496
6497
6498
6499
6500
6501
6502
6503
6504
6505
6506
6507
6508
6509
6510
6511
6512
6513
6514
6515
6516
6517
6518
6519
6520
6521
6522
6523
6524
6525
6526
6527
6528
6529
6530
6531
6532
6533
6534
6535
6536
6537
6538
6539
6540
6541
6542
6543
6544
6545
6546
6547
6548
6549
6550
6551
6552
6553
6554
6555
6556
6557
6558
6559
6560
6561
6562
6563
6564
6565
6566
6567
6568
6569
6570
6571
6572
6573
6574
6575
6576
6577
6578
6579
6580
6581
6582
6583
6584
6585
6586
6587
6588
6589
6590
6591
6592
6593
6594
6595
6596
6597
6598
6599
6600
6601
6602
6603
6604
6605
6606
6607
6608
6609
6610
6611
6612
6613
6614
6615
6616
6617
6618
6619
6620
6621
6622
6623
6624
6625
6626
6627
6628
6629
6630
6631
6632
6633
6634
6635
6636
6637
6638
6639
6640
6641
6642
6643
6644
6645
6646
6647
6648
6649
6650
6651
6652
6653
6654
6655
6656
6657
6658
6659
6660
6661
6662
6663
6664
6665
6666
6667
6668
6669
6670
6671
6672
6673
6674
6675
6676
6677
6678
6679
6680
6681
6682
6683
6684
6685
6686
6687
6688
6689
6690
6691
6692
6693
6694
6695
6696
6697
6698
6699
6700
6701
6702
6703
6704
6705
6706
6707
6708
6709
6710
6711
6712
6713
6714
6715
6716
6717
6718
6719
6720
6721
6722
6723
6724
6725
6726
6727
6728
6729
6730
6731
6732
6733
6734
6735
6736
6737
6738
6739
6740
6741
6742
6743
6744
6745
6746
6747
6748
6749
6750
6751
6752
6753
6754
6755
6756
6757
6758
6759
6760
6761
6762
6763
6764
6765
6766
6767
6768
6769
6770
6771
6772
6773
6774
6775
6776
6777
6778
6779
6780
6781
6782
6783
6784
6785
6786
6787
6788
6789
6790
6791
6792
6793
6794
6795
6796
6797
6798
6799
6800
6801
6802
6803
6804
6805
6806
6807
6808
6809
6810
6811
6812
6813
6814
6815
6816
6817
6818
6819
6820
6821
6822
6823
6824
6825
6826
6827
6828
6829
6830
6831
6832
6833
6834
6835
6836
6837
6838
6839
6840
6841
6842
6843
6844
6845
6846
6847
6848
6849
6850
6851
6852
6853
6854
6855
6856
6857
6858
6859
6860
6861
6862
6863
6864
6865
6866
6867
6868
6869
6870
6871
6872
6873
6874
6875
6876
6877
6878
6879
6880
6881
6882
6883
6884
6885
6886
6887
6888
6889
6890
6891
6892
6893
6894
6895
6896
6897
6898
6899
6900
6901
6902
6903
6904
6905
6906
6907
6908
6909
6910
6911
6912
6913
6914
6915
6916
6917
6918
6919
6920
6921
6922
6923
6924
6925
6926
6927
6928
6929
6930
6931
6932
6933
6934
6935
6936
6937
6938
6939
6940
6941
6942
6943
6944
6945
6946
6947
6948
6949
6950
6951
6952
6953
6954
6955
6956
6957
6958
6959
6960
6961
6962
6963
6964
6965
6966
6967
6968
6969
6970
6971
6972
6973
6974
6975
6976
6977
6978
6979
6980
6981
6982
6983
6984
6985
6986
6987
6988
6989
6990
6991
6992
6993
6994
6995
6996
6997
6998
6999
7000
7001
7002
7003
7004
7005
7006
7007
7008
7009
7010
7011
7012
7013
7014
7015
7016
7017
7018
7019
7020
7021
7022
7023
7024
7025
7026
7027
7028
7029
7030
7031
7032
7033
7034
7035
7036
7037
7038
7039
7040
7041
7042
7043
7044
7045
7046
7047
7048
7049
7050
7051
7052
7053
7054
7055
7056
7057
7058
7059
7060
7061
7062
7063
7064
7065
7066
7067
7068
7069
7070
7071
7072
7073
7074
7075
7076
7077
7078
7079
7080
7081
7082
7083
7084
7085
7086
7087
7088
7089
7090
7091
7092
7093
7094
7095
7096
7097
7098
7099
7100
7101
7102
7103
7104
7105
7106
7107
7108
7109
7110
7111
7112
7113
7114
7115
7116
7117
7118
7119
7120
7121
7122
7123
7124
7125
7126
7127
7128
7129
7130
7131
7132
7133
7134
7135
7136
7137
7138
7139
7140
7141
7142
7143
7144
7145
7146
7147
7148
7149
7150
7151
7152
7153
7154
7155
7156
7157
7158
7159
7160
7161
7162
7163
7164
7165
7166
7167
7168
7169
7170
7171
7172
7173
7174
7175
7176
7177
7178
7179
7180
7181
7182
7183
7184
7185
7186
7187
7188
7189
7190
7191
7192
7193
7194
7195
7196
7197
7198
7199
7200
7201
7202
7203
7204
7205
7206
7207
7208
7209
7210
7211
7212
7213
7214
7215
7216
7217
7218
7219
7220
7221
7222
7223
7224
7225
7226
7227
7228
7229
7230
7231
7232
7233
7234
7235
7236
7237
7238
7239
7240
7241
7242
7243
7244
7245
7246
7247
7248
7249
7250
7251
7252
7253
7254
7255
7256
7257
7258
7259
7260
7261
7262
7263
7264
7265
7266
7267
7268
7269
7270
7271
7272
7273
7274
7275
7276
7277
7278
7279
7280
7281
7282
7283
7284
7285
7286
7287
7288
7289
7290
7291
7292
7293
7294
7295
7296
7297
7298
7299
7300
7301
7302
7303
7304
7305
7306
7307
7308
7309
7310
7311
7312
7313
7314
7315
7316
7317
7318
7319
7320
7321
7322
7323
7324
7325
7326
7327
7328
7329
7330
7331
7332
7333
7334
7335
7336
7337
7338
7339
7340
7341
7342
7343
7344
7345
7346
7347
7348
7349
7350
7351
7352
7353
7354
7355
7356
7357
7358
7359
7360
7361
7362
7363
7364
7365
7366
7367
7368
7369
7370
7371
7372
7373
7374
7375
7376
7377
7378
7379
7380
7381
7382
7383
7384
7385
7386
7387
7388
7389
7390
7391
7392
7393
7394
7395
7396
7397
7398
7399
7400
7401
7402
7403
7404
7405
7406
7407
7408
7409
7410
7411
7412
7413
7414
7415
7416
7417
7418
7419
7420
7421
7422
7423
7424
7425
7426
7427
7428
7429
7430
7431
7432
7433
7434
7435
7436
7437
7438
7439
7440
7441
7442
7443
7444
7445
7446
7447
7448
7449
7450
7451
7452
7453
7454
7455
7456
7457
7458
7459
7460
7461
7462
7463
7464
7465
7466
7467
7468
7469
7470
7471
7472
7473
7474
7475
7476
7477
7478
7479
7480
7481
7482
7483
7484
7485
7486
7487
7488
7489
7490
7491
7492
7493
7494
7495
7496
7497
7498
7499
7500
7501
7502
7503
7504
7505
7506
7507
7508
7509
7510
7511
7512
7513
7514
7515
7516
7517
7518
7519
7520
7521
7522
7523
7524
7525
7526
7527
7528
7529
7530
7531
7532
7533
7534
7535
7536
7537
7538
7539
7540
7541
7542
7543
7544
7545
7546
7547
7548
7549
7550
7551
7552
7553
7554
7555
7556
7557
7558
7559
7560
7561
7562
7563
7564
7565
7566
7567
7568
7569
7570
7571
7572
7573
7574
7575
7576
7577
7578
7579
7580
7581
7582
7583
7584
7585
7586
7587
7588
7589
7590
7591
7592
7593
7594
7595
7596
7597
7598
7599
7600
7601
7602
7603
7604
7605
7606
7607
7608
7609
7610
7611
7612
7613
7614
7615
7616
7617
7618
7619
7620
7621
7622
7623
7624
7625
7626
7627
7628
7629
7630
7631
7632
7633
7634
7635
7636
7637
7638
7639
7640
7641
7642
7643
7644
7645
7646
7647
7648
7649
7650
7651
7652
7653
7654
7655
7656
7657
7658
7659
7660
7661
7662
7663
7664
7665
7666
7667
7668
7669
7670
7671
7672
7673
7674
7675
7676
7677
7678
7679
7680
7681
7682
7683
7684
7685
7686
7687
7688
7689
7690
7691
7692
7693
7694
7695
7696
7697
7698
7699
7700
7701
7702
7703
7704
7705
7706
7707
7708
7709
7710
7711
7712
7713
7714
7715
7716
7717
7718
7719
7720
7721
7722
7723
7724
7725
7726
7727
7728
7729
7730
7731
7732
7733
7734
7735
7736
7737
7738
7739
7740
7741
7742
7743
7744
7745
7746
7747
7748
7749
7750
7751
7752
7753
7754
7755
7756
7757
7758
7759
7760
7761
7762
7763
7764
7765
7766
7767
7768
7769
7770
7771
7772
7773
7774
7775
7776
7777
7778
7779
7780
7781
7782
7783
7784
7785
7786
7787
7788
7789
7790
7791
7792
7793
7794
7795
7796
7797
7798
7799
7800
7801
7802
7803
7804
7805
7806
7807
7808
7809
7810
7811
7812
7813
7814
7815
7816
7817
7818
7819
7820
7821
7822
7823
7824
7825
7826
7827
7828
7829
7830
7831
7832
7833
7834
7835
7836
7837
7838
7839
7840
7841
7842
7843
7844
7845
7846
7847
7848
7849
7850
7851
7852
7853
7854
7855
7856
7857
7858
7859
7860
7861
7862
7863
7864
7865
7866
7867
7868
7869
7870
7871
7872
7873
7874
7875
7876
7877
7878
7879
7880
7881
7882
7883
7884
7885
7886
7887
7888
7889
7890
7891
7892
7893
7894
7895
7896
7897
7898
7899
7900
7901
7902
7903
7904
7905
7906
7907
7908
7909
7910
7911
7912
7913
7914
7915
7916
7917
7918
7919
7920
7921
7922
7923
7924
7925
7926
7927
7928
7929
7930
7931
7932
7933
7934
7935
7936
7937
7938
7939
7940
7941
7942
7943
7944
7945
7946
7947
7948
7949
7950
7951
7952
7953
7954
7955
7956
7957
7958
7959
7960
7961
7962
7963
7964
7965
7966
7967
7968
7969
7970
7971
7972
7973
7974
7975
7976
7977
7978
7979
7980
7981
7982
7983
7984
7985
7986
7987
7988
7989
7990
7991
7992
7993
7994
7995
7996
7997
7998
7999
8000
8001
8002
8003
8004
8005
8006
8007
8008
8009
8010
8011
8012
8013
8014
8015
8016
8017
8018
8019
8020
8021
8022
8023
8024
8025
8026
8027
8028
8029
8030
8031
8032
8033
8034
8035
8036
8037
8038
8039
8040
8041
8042
8043
8044
8045
8046
8047
8048
8049
8050
8051
8052
8053
8054
8055
8056
8057
8058
8059
8060
8061
8062
8063
8064
8065
8066
8067
8068
8069
8070
8071
8072
8073
8074
8075
8076
8077
8078
8079
8080
8081
8082
8083
8084
8085
8086
8087
8088
8089
8090
8091
8092
8093
8094
8095
8096
8097
8098
8099
8100
8101
8102
8103
8104
8105
8106
8107
8108
8109
8110
8111
8112
8113
8114
8115
8116
8117
8118
8119
8120
8121
8122
8123
8124
8125
8126
8127
8128
8129
8130
8131
8132
8133
8134
8135
8136
8137
8138
8139
8140
8141
8142
8143
8144
8145
8146
8147
8148
8149
8150
8151
8152
8153
8154
8155
8156
8157
8158
8159
8160
8161
8162
8163
8164
8165
8166
8167
8168
8169
8170
8171
8172
8173
8174
8175
8176
8177
8178
8179
8180
8181
8182
8183
8184
8185
8186
8187
8188
8189
8190
8191
8192
8193
8194
8195
8196
8197
8198
8199
8200
8201
8202
8203
8204
8205
8206
8207
8208
8209
8210
8211
8212
8213
8214
8215
8216
8217
8218
8219
8220
8221
8222
8223
8224
8225
8226
8227
8228
8229
8230
8231
8232
8233
8234
8235
8236
8237
8238
8239
8240
8241
8242
8243
8244
8245
8246
8247
8248
8249
8250
8251
8252
8253
8254
8255
8256
8257
8258
8259
8260
8261
8262
8263
8264
8265
8266
8267
8268
8269
8270
8271
8272
8273
8274
8275
8276
8277
8278
8279
8280
8281
8282
8283
8284
8285
8286
8287
8288
8289
8290
8291
8292
8293
8294
8295
8296
8297
8298
8299
8300
8301
8302
8303
8304
8305
8306
8307
8308
8309
8310
8311
8312
8313
8314
8315
8316
8317
8318
8319
8320
8321
8322
8323
8324
8325
8326
8327
8328
8329
8330
8331
8332
8333
8334
8335
8336
8337
8338
8339
8340
8341
8342
8343
8344
8345
8346
8347
8348
8349
8350
8351
8352
8353
8354
8355
8356
8357
8358
8359
8360
8361
8362
8363
8364
8365
8366
8367
8368
8369
8370
8371
8372
8373
8374
8375
8376
8377
8378
8379
8380
8381
8382
8383
8384
8385
8386
8387
8388
8389
8390
8391
8392
8393
8394
8395
8396
8397
8398
8399
8400
8401
8402
8403
8404
8405
8406
8407
8408
8409
8410
8411
8412
8413
8414
8415
8416
8417
8418
8419
8420
8421
8422
8423
8424
8425
8426
8427
8428
8429
8430
8431
8432
8433
8434
8435
8436
8437
8438
8439
8440
8441
8442
8443
8444
8445
8446
8447
8448
8449
8450
8451
8452
8453
8454
8455
8456
8457
8458
8459
8460
8461
8462
8463
8464
8465
8466
8467
8468
8469
8470
8471
8472
8473
8474
8475
8476
8477
8478
8479
8480
8481
8482
8483
8484
8485
8486
8487
8488
8489
8490
8491
8492
8493
8494
8495
8496
8497
8498
8499
8500
8501
8502
8503
8504
8505
8506
8507
8508
8509
8510
8511
8512
8513
8514
8515
8516
8517
8518
8519
8520
8521
8522
8523
8524
8525
8526
8527
8528
8529
8530
8531
8532
8533
8534
8535
8536
8537
8538
8539
8540
8541
8542
8543
8544
8545
8546
8547
8548
8549
8550
8551
8552
8553
8554
8555
8556
8557
8558
8559
8560
8561
8562
8563
8564
8565
8566
8567
8568
8569
8570
8571
8572
8573
8574
8575
8576
8577
8578
8579
8580
8581
8582
8583
8584
8585
8586
8587
8588
8589
8590
8591
8592
8593
8594
8595
8596
8597
8598
8599
8600
8601
8602
8603
8604
8605
8606
8607
8608
8609
8610
8611
8612
8613
8614
8615
8616
8617
8618
8619
8620
8621
8622
8623
8624
8625
8626
8627
8628
8629
8630
8631
8632
8633
8634
8635
8636
8637
8638
8639
8640
8641
8642
8643
8644
8645
8646
8647
8648
8649
8650
8651
8652
8653
8654
8655
8656
8657
8658
8659
8660
8661
8662
8663
8664
8665
8666
8667
8668
8669
8670
8671
8672
8673
8674
8675
8676
8677
8678
8679
8680
8681
8682
8683
8684
8685
8686
8687
8688
8689
8690
8691
8692
8693
8694
8695
8696
8697
8698
8699
8700
8701
8702
8703
8704
8705
8706
8707
8708
8709
8710
8711
8712
8713
8714
8715
8716
8717
8718
8719
8720
8721
8722
8723
8724
8725
8726
8727
8728
8729
8730
8731
8732
8733
8734
8735
8736
8737
8738
8739
8740
8741
8742
8743
8744
8745
8746
8747
8748
8749
8750
8751
8752
8753
8754
8755
8756
8757
8758
8759
8760
8761
8762
8763
8764
8765
8766
8767
8768
8769
8770
8771
8772
8773
8774
8775
8776
8777
8778
8779
8780
8781
8782
8783
8784
8785
8786
8787
8788
8789
8790
8791
8792
8793
8794
8795
8796
8797
8798
8799
8800
8801
8802
8803
8804
8805
8806
8807
8808
8809
8810
8811
8812
8813
8814
8815
8816
8817
8818
8819
8820
8821
8822
8823
8824
8825
8826
8827
8828
8829
8830
8831
8832
8833
8834
8835
8836
8837
8838
8839
8840
8841
8842
8843
8844
8845
8846
8847
8848
8849
8850
8851
8852
8853
8854
8855
8856
8857
8858
8859
8860
8861
8862
8863
8864
8865
8866
8867
8868
8869
8870
8871
8872
8873
8874
8875
8876
8877
8878
8879
8880
8881
8882
8883
8884
8885
8886
8887
8888
8889
8890
8891
8892
8893
8894
8895
8896
8897
8898
8899
8900
8901
8902
8903
8904
8905
8906
8907
8908
8909
8910
8911
8912
8913
8914
8915
8916
8917
8918
8919
8920
8921
8922
8923
8924
8925
8926
8927
8928
8929
8930
8931
8932
8933
8934
8935
8936
8937
8938
8939
8940
8941
8942
8943
8944
8945
8946
8947
8948
8949
8950
8951
8952
8953
8954
8955
8956
8957
8958
8959
8960
8961
8962
8963
8964
8965
8966
8967
8968
8969
8970
8971
8972
8973
8974
8975
8976
8977
8978
8979
8980
8981
8982
8983
8984
8985
8986
8987
8988
8989
8990
8991
8992
8993
8994
8995
8996
8997
8998
8999
9000
9001
9002
9003
9004
9005
9006
9007
9008
9009
9010
9011
9012
9013
9014
9015
9016
9017
9018
9019
9020
9021
9022
9023
9024
9025
9026
9027
9028
9029
9030
9031
9032
9033
9034
9035
9036
9037
9038
9039
9040
9041
9042
9043
9044
9045
9046
9047
9048
9049
9050
9051
9052
9053
9054
9055
9056
9057
9058
9059
9060
9061
9062
9063
9064
9065
9066
9067
9068
9069
9070
9071
9072
9073
9074
9075
9076
9077
9078
9079
9080
9081
9082
9083
9084
9085
9086
9087
9088
9089
9090
9091
9092
9093
9094
9095
9096
9097
9098
9099
9100
9101
9102
9103
9104
9105
9106
9107
9108
9109
9110
9111
9112
9113
9114
9115
9116
9117
9118
9119
9120
9121
9122
9123
9124
9125
9126
9127
9128
9129
9130
9131
9132
9133
9134
9135
9136
9137
9138
9139
9140
9141
9142
9143
9144
9145
9146
9147
9148
9149
9150
9151
9152
9153
9154
9155
9156
9157
9158
9159
9160
9161
9162
9163
9164
9165
9166
9167
9168
9169
9170
9171
9172
9173
9174
9175
9176
9177
9178
9179
9180
9181
9182
9183
9184
9185
9186
9187
9188
9189
9190
9191
9192
9193
9194
9195
9196
9197
9198
9199
9200
9201
9202
9203
9204
9205
9206
9207
9208
9209
9210
9211
9212
9213
9214
9215
9216
9217
9218
9219
9220
9221
9222
9223
9224
9225
9226
9227
9228
9229
9230
9231
9232
9233
9234
9235
9236
9237
9238
9239
9240
9241
9242
9243
9244
9245
9246
9247
9248
9249
9250
9251
9252
9253
9254
9255
9256
9257
9258
9259
9260
9261
9262
9263
9264
9265
9266
9267
9268
9269
9270
9271
9272
9273
9274
9275
9276
9277
9278
9279
9280
9281
9282
9283
9284
9285
9286
9287
9288
9289
9290
9291
9292
9293
9294
9295
9296
9297
9298
9299
9300
9301
9302
9303
9304
9305
9306
9307
9308
9309
9310
9311
9312
9313
9314
9315
9316
9317
9318
9319
9320
9321
9322
9323
9324
9325
9326
9327
9328
9329
9330
9331
9332
9333
9334
9335
9336
9337
9338
9339
9340
9341
9342
9343
9344
9345
9346
9347
9348
9349
9350
9351
9352
9353
9354
9355
9356
9357
9358
9359
9360
9361
9362
9363
9364
9365
9366
9367
9368
9369
9370
9371
9372
9373
9374
9375
9376
9377
9378
9379
9380
9381
9382
9383
9384
9385
9386
9387
9388
9389
9390
9391
9392
9393
9394
9395
9396
9397
9398
9399
9400
9401
9402
9403
9404
9405
9406
9407
9408
9409
9410
9411
9412
9413
9414
9415
9416
9417
9418
9419
9420
9421
9422
9423
9424
9425
9426
9427
9428
9429
9430
9431
9432
9433
9434
9435
9436
9437
9438
9439
9440
9441
9442
9443
9444
9445
9446
9447
9448
9449
9450
9451
9452
9453
9454
9455
9456
9457
9458
9459
9460
9461
9462
9463
9464
9465
9466
9467
9468
9469
9470
9471
9472
9473
9474
9475
9476
9477
9478
9479
9480
9481
9482
9483
9484
9485
9486
9487
9488
9489
9490
9491
9492
9493
9494
9495
9496
9497
9498
9499
9500
9501
9502
9503
9504
9505
9506
9507
9508
9509
9510
9511
9512
9513
9514
9515
9516
9517
9518
9519
9520
9521
9522
9523
9524
9525
9526
9527
9528
9529
9530
9531
9532
9533
9534
9535
9536
9537
9538
9539
9540
9541
9542
9543
9544
9545
9546
9547
9548
9549
9550
9551
9552
9553
9554
9555
9556
9557
9558
9559
9560
9561
9562
9563
9564
9565
9566
9567
9568
9569
9570
9571
9572
9573
9574
9575
9576
9577
9578
9579
9580
9581
9582
9583
9584
9585
9586
9587
9588
9589
9590
9591
9592
9593
9594
9595
9596
9597
9598
9599
9600
9601
9602
9603
9604
9605
9606
9607
9608
9609
9610
9611
9612
9613
9614
9615
9616
9617
9618
9619
9620
9621
9622
9623
9624
9625
9626
9627
9628
9629
9630
9631
9632
9633
9634
9635
9636
9637
9638
9639
9640
9641
9642
9643
9644
9645
9646
9647
9648
9649
9650
9651
9652
9653
9654
9655
9656
9657
9658
9659
9660
9661
9662
9663
9664
9665
9666
9667
9668
9669
9670
9671
9672
9673
9674
9675
9676
9677
9678
9679
9680
9681
9682
9683
9684
9685
9686
9687
9688
9689
9690
9691
9692
9693
9694
9695
9696
9697
9698
9699
9700
9701
9702
9703
9704
9705
9706
9707
9708
9709
9710
9711
9712
9713
9714
9715
9716
9717
9718
9719
9720
9721
9722
9723
9724
9725
9726
9727
9728
9729
9730
9731
9732
9733
9734
9735
9736
9737
9738
9739
9740
9741
9742
9743
9744
9745
9746
9747
9748
9749
9750
9751
9752
9753
9754
9755
9756
9757
9758
9759
9760
9761
9762
9763
9764
9765
9766
9767
9768
9769
9770
9771
9772
9773
9774
9775
9776
9777
9778
9779
9780
9781
9782
9783
9784
9785
9786
9787
9788
9789
9790
9791
9792
9793
9794
9795
9796
9797
9798
9799
9800
9801
9802
9803
9804
9805
9806
9807
9808
9809
9810
9811
9812
9813
9814
9815
9816
9817
9818
9819
9820
9821
9822
9823
9824
9825
9826
9827
9828
9829
9830
9831
9832
9833
9834
9835
9836
9837
9838
9839
9840
9841
9842
9843
9844
9845
9846
9847
9848
9849
9850
9851
9852
9853
9854
9855
9856
9857
9858
9859
9860
9861
9862
9863
9864
9865
9866
9867
9868
9869
9870
9871
9872
9873
9874
9875
9876
9877
9878
9879
9880
9881
9882
9883
9884
9885
9886
9887
9888
9889
9890
9891
9892
9893
9894
9895
9896
9897
9898
9899
9900
9901
9902
9903
9904
9905
9906
9907
9908
9909
9910
9911
9912
9913
9914
9915
9916
9917
9918
9919
9920
9921
9922
9923
9924
9925
9926
9927
9928
9929
9930
9931
9932
9933
9934
9935
9936
9937
9938
9939
9940
9941
9942
9943
9944
9945
9946
9947
9948
9949
9950
9951
9952
9953
9954
9955
9956
9957
9958
9959
9960
9961
9962
9963
9964
9965
9966
9967
9968
9969
9970
9971
9972
9973
9974
9975
9976
9977
9978
9979
9980
9981
9982
9983
9984
9985
9986
9987
9988
9989
9990
9991
9992
9993
9994
9995
9996
9997
9998
9999
