0
1
500
3
478
962
6
7
8
827
491
942
436
604
14
292
421
17
18
19
20
771
869
667
35
703
322
673
28
711
30
547
32
757
859
35
529
316
38
39
288
40
42
648
44
890
370
47
101
548
623
954
840
376
54
944
626
537
118
929
60
115
658
930
306
65
21
67
68
270
777
97
986
161
355
75
574
77
350
941
966
107
82
337
287
383
86
87
758
89
422
506
413
93
591
655
359
537
98
595
602
101
836
103
596
348
668
281
53
418
110
788
467
113
648
807
310
117
514
119
120
121
600
123
556
303
126
844
128
702
485
343
587
503
134
458
580
137
138
139
140
141
157
622
292
145
146
657
148
149
888
511
152
272
328
155
886
157
158
142
416
161
322
21
164
165
892
167
168
169
170
171
869
173
401
255
2
182
88
617
832
181
182
721
184
185
368
425
434
441
190
60
753
193
279
687
549
866
193
199
416
201
488
455
114
316
786
207
208
185
912
211
212
213
214
321
646
481
196
219
161
450
466
223
224
439
24
510
228
186
474
231
232
233
905
391
236
477
314
334
240
159
70
243
518
245
270
247
192
249
480
251
802
527
543
23
256
257
3
505
260
31
262
222
264
265
187
267
974
269
235
271
760
273
274
550
276
277
624
279
576
658
371
283
593
484
464
287
800
60
10
291
315
227
758
109
86
487
474
627
928
520
302
123
304
305
195
307
260
116
310
11
411
313
520
924
316
940
662
319
713
578
7
323
58
303
357
327
108
329
801
331
428
384
540
704
356
350
485
216
357
357
271
361
344
345
112
696
348
349
129
565
932
855
354
584
654
457
358
359
360
483
362
67
675
365
142
511
175
825
370
371
934
783
398
701
734
377
378
993
705
381
881
413
855
142
386
387
424
389
443
673
392
875
394
395
17
112
398
399
400
488
402
497
990
353
651
44
408
409
410
411
264
503
775
292
549
561
467
129
813
421
77
683
424
824
392
670
27
75
498
287
604
433
434
706
436
171
240
439
619
591
442
232
205
539
422
447
584
971
450
451
452
453
454
455
769
519
458
459
460
540
508
870
323
472
466
570
901
423
470
471
472
473
28
347
943
409
49
588
480
481
482
483
954
485
690
487
430
748
536
491
492
185
853
224
923
497
766
955
500
501
25
1
496
505
506
342
508
142
510
72
512
513
429
705
812
93
518
736
520
994
652
523
482
525
131
527
625
637
530
531
532
533
534
535
536
537
538
539
540
541
542
543
544
545
546
547
548
549
550
551
552
553
554
555
556
557
558
559
560
561
562
563
564
565
566
567
568
569
570
571
572
573
574
575
576
577
578
579
580
581
582
583
584
585
586
587
588
589
590
591
592
593
594
595
596
597
598
599
600
601
602
603
604
605
606
607
608
609
610
611
612
613
614
615
616
617
618
619
620
621
622
623
624
625
626
627
628
629
630
631
632
633
634
635
636
637
638
639
640
641
642
643
644
645
646
647
648
649
650
651
652
653
654
655
656
657
658
659
660
661
662
663
664
665
666
667
668
669
670
671
672
673
674
675
676
677
678
679
680
681
682
683
684
685
686
687
688
689
690
691
692
693
694
695
696
697
698
699
700
701
702
703
704
705
706
707
708
709
710
711
712
713
714
715
716
717
718
719
720
721
722
723
724
725
726
727
728
729
730
731
732
733
734
735
736
737
738
739
740
741
742
743
744
745
746
747
748
749
750
751
752
753
754
755
756
757
758
759
760
761
762
763
764
765
766
767
768
769
770
771
772
773
774
775
776
777
778
779
780
781
782
783
784
785
786
787
788
789
790
791
792
793
794
795
796
797
798
799
800
801
802
803
804
805
806
807
808
809
810
811
812
813
814
815
816
817
818
819
820
821
822
823
824
825
826
827
828
829
830
831
832
833
834
835
836
837
838
839
840
841
842
843
844
845
846
847
848
849
850
851
852
853
854
855
856
857
858
859
860
861
862
863
864
865
866
867
868
869
870
871
872
873
874
875
876
877
878
879
880
881
882
883
884
885
886
887
888
889
890
891
892
893
894
895
896
897
898
899
900
901
902
903
904
905
906
907
908
909
910
911
912
913
914
915
916
917
918
919
920
921
922
923
924
925
926
927
928
929
930
931
932
933
934
935
936
937
938
939
940
941
942
943
944
945
946
947
948
949
950
951
952
953
954
955
956
957
958
959
960
961
962
963
964
965
966
967
968
969
970
971
972
973
974
975
976
977
978
979
980
981
982
983
984
985
986
987
988
989
990
991
992
993
994
995
996
997
998
999
